{
    "test_accuracy": 0.7825,
    "precision": 0.3888888888888889,
    "recall": 0.08433734939759036,
    "f1_score": 0.1386138613861386
}